x = [82, 103, 102, 101, 95, 82, 95, 89, 90, 90, 91, 92, 91, 92, 92, 91, 90,
   101, 107, 101, 93, 89, 93, 93, 92, 87, 83, 76, 79, 84, 83, 89, 99, 
  105, 105, 107, 108, 105, 102, 101, 98, 94, 92, 90, 92, 88, 83, 86, 
  88, 86, 89, 94, 95, 95, 101, 108, 105, 96, 96, 100, 100, 95, 93, 92,
   90, 96, 99, 94, 89, 91, 100, 98, 87, 81, 83, 88, 90, 91, 86, 79, 
  81, 86, 86, 82, 84, 89, 92, 91, 90, 90, 97, 99, 100, 100, 97, 91, 
  91, 94, 92, 84, 81, 84, 84, 83, 85, 88, 88, 90, 90, 77, 77, 88, 90, 
  84, 82, 88, 92, 96, 100, 98, 101, 104, 97, 83, 75, 83, 88, 82, 74, 
  72, 78, 87, 92, 97, 95, 90, 93, 93, 90, 84, 82, 81, 81, 81, 81, 88, 
  96, 101, 107, 106, 96, 93, 97, 99, 94, 91, 87, 80, 74, 76, 81, 89, 
  98, 104, 101, 96, 92, 84, 77, 78, 83, 83, 82, 78, 81, 93, 103, 107, 
  111, 118, 115, 103, 94, 100, 103, 101, 92, 79, 69, 69, 81, 91, 88, 
  80, 77, 83, 88, 89, 91, 91, 91, 94, 97, 100, 102, 105, 108, 104, 94,
   91, 92, 92, 91, 95, 97, 93, 86, 86, 95, 96, 98, 99, 99, 101, 105, 
  100, 93, 94, 97, 93, 94, 98, 98, 99, 102, 103, 100, 95, 93, 93, 97, 
  100, 95, 84, 75, 80, 89, 90, 86, 87, 93, 102, 104, 103, 107, 112, 
  110, 104, 102, 98, 88, 81, 82, 85, 85, 88, 91, 93, 96, 103, 105, 
  101, 98, 95, 96, 101, 104, 95, 91, 99, 102, 101, 105, 106, 102, 101,
   108, 105, 101, 100, 95, 97, 102, 99, 90, 94, 101, 101, 96, 95, 97, 
  100, 103, 108, 107, 110, 109, 112, 113, 109, 108, 111, 107, 93, 83, 
  86, 93, 92, 90, 91, 89, 97, 109, 111, 108, 105, 109, 112, 113, 117, 
  115, 103, 95, 98, 102, 102, 101, 102, 99, 92, 90, 93, 94, 94, 98, 
  101, 104, 106, 107, 106, 106, 105, 105, 109, 112, 109, 106, 102, 
  104, 109, 113, 103, 96, 97, 88, 78, 80, 89, 91, 92, 99, 101, 96, 99,
   105, 100, 100, 109, 114, 116, 111, 102, 96, 96, 99, 105, 108, 105, 
  101, 101, 109, 109, 103, 102, 106, 101, 92, 91, 91, 88, 88, 93, 97, 
  102, 105, 108, 108, 110, 116, 120, 119, 113, 108, 104, 98, 94, 92, 
  96, 98, 97, 91, 85, 96, 99, 98, 104, 106, 108, 108, 110, 95, 87, 93,
   96, 96, 99, 105, 105, 107, 110, 114, 110, 105, 108, 111, 111, 108, 
  103, 104, 101, 93, 85, 85, 94, 96, 94, 86, 91, 100, 99, 95, 101, 
  107, 109, 113, 115, 111, 110, 110, 108, 107, 101, 97, 94, 90, 90, 
  90, 88, 94, 100, 104, 110, 111, 109, 105, 104, 101, 102, 100, 95, 
  90, 85, 80, 85, 92, 95, 100, 102, 107, 118, 122, 112, 104, 103, 105,
   105, 99, 94, 92, 94, 100, 103, 104, 101, 101, 107, 113, 111, 109, 
  109, 107, 100, 92, 90, 94, 98, 96, 93, 92, 98, 107, 108, 106, 102, 
  104, 110, 109, 101, 91, 92, 95, 93, 91, 96, 99, 102, 106, 105, 105, 
  103, 107, 109, 107, 106, 105, 107, 109, 107, 106, 108, 111, 109, 
  111, 113, 108, 112, 110, 103, 103, 104, 108, 110, 110, 108, 101, 
  104, 112, 112, 105, 102, 104, 106, 108, 111, 112, 111, 110, 113, 
  117, 118, 117, 116, 117, 123, 124, 116, 107, 104, 108, 116, 117, 
  112, 105, 103, 107, 115, 120, 115, 114, 119, 120, 114, 112, 116, 
  116, 115, 115, 118, 117, 116, 118, 114, 111, 116, 117, 116, 117, 
  117, 114, 116, 117, 110, 108, 110, 114, 114, 116, 117, 112, 115, 
  118, 114, 112, 111, 115, 113, 113, 117, 115, 118, 123, 118, 114, 
  116, 118, 118, 117, 116, 121, 122, 121, 124, 123, 123, 124, 120, 
  123, 126, 121, 116, 117, 123, 126, 121, 116, 113, 111, 113, 119, 
  120, 119, 118, 122, 121, 119, 122, 123, 124, 120, 120, 121, 118, 
  120, 120, 117, 114, 115, 119, 117, 114, 117, 117, 119, 118, 117, 
  117, 121, 121, 119, 118, 117, 119, 122, 120, 115, 116, 116, 119, 
  121, 118, 117, 112, 109, 112, 114, 113, 116, 121, 119, 116, 118, 
  120, 121, 121, 125, 128, 126, 120, 119, 123, 122, 120, 119, 117, 
  114, 113, 114, 116, 117, 119, 120, 120, 120, 118, 120, 123, 121, 
  118, 120, 119, 116, 114, 113, 116, 118, 118, 119, 118, 116, 113, 
  112, 112, 115, 115, 115, 111, 117, 121, 122, 121, 119, 118, 116, 
  118, 121, 120, 118, 116, 117, 116, 117, 116, 116, 116, 118, 125, 
  119, 118, 120, 119, 120, 120, 121, 119, 118, 119, 123, 123, 124, 
  126, 130, 134, 129, 125, 123, 122, 122, 126, 130, 126, 122, 123, 
  123, 123, 124, 123, 121, 121, 129, 129, 126, 122, 119, 122, 124, 
  125, 124, 123, 120, 120, 121, 121, 121, 121, 120, 123, 125, 122, 
  122, 121, 121, 120, 119, 119, 121, 123, 124, 121, 119, 119, 119, 
  117, 118, 121, 121, 121, 113, 113, 116, 120, 120, 119, 118, 118, 
  119, 118, 118, 119, 118, 121, 120, 122, 122, 125, 122, 120, 120, 
  118, 117, 119, 118, 116, 113, 115, 120, 121, 121, 122, 122, 123, 
  125, 122, 120, 119, 122, 119, 116, 118, 117, 117, 119, 122, 123, 
  121, 121, 121, 122, 118, 118, 117, 117, 120, 125, 124, 119, 116, 
  120, 123, 121, 118, 116, 116, 116, 118, 122, 123, 119, 120, 119, 
  121, 122, 122, 121, 122, 124, 120, 122, 124, 122, 123, 121, 118, 
  116, 117, 114, 113, 113, 111, 112, 115, 118, 121, 120, 120, 123, 
  125, 122, 121, 117, 119, 119, 119, 119, 119, 118, 120, 118, 120, 
  117, 116, 114, 117, 117, 116, 116, 117, 119, 121, 124, 126, 127, 
  125, 122, 122, 120, 120, 121, 122, 123, 121, 120, 122, 124, 123, 
  123, 123, 121, 120, 117, 115, 116, 118, 118, 121, 120, 119, 117, 
  111, 102, 99, 102, 99, 89, 86, 90, 92, 93, 96, 102, 102, 103, 102, 
  99, 99, 98, 95, 95, 98, 99, 97, 98, 102, 102, 98, 93, 100, 105, 100,
   99, 104, 104, 102, 100, 96, 90, 85, 89, 93, 85, 78, 80, 83, 84, 90,
   99, 102, 100, 100, 95, 87, 84, 89, 93, 91, 91, 94, 100, 104, 106, 
  106, 105, 104, 104, 105, 101, 93, 91, 94, 94, 89, 86, 87, 88, 88, 
  95, 97, 87, 97, 112, 110, 102, 93, 89, 96, 103, 104, 99, 93, 91, 89,
   84, 84, 89, 87, 88, 89, 90, 91, 92, 92, 91, 91, 92, 93, 97, 98, 94,
   88, 91, 94, 94, 94, 98, 99, 90, 90, 94, 88, 85, 91, 93, 85, 76, 73,
   73, 75, 73, 76, 85, 83, 79, 97, 107, 101, 89, 82, 93, 101, 103, 
  102, 94, 86, 90, 94, 91, 83, 80, 86, 87, 88, 94, 93, 96, 99, 95, 89,
   88, 90, 94, 92, 92, 95, 93, 90, 88, 90, 88, 98, 99, 96, 87, 82, 84,
   82, 81, 88, 96, 105, 112, 105, 104, 110, 106, 97, 96, 94, 88, 84, 
  82, 79, 82, 90, 95, 98, 105, 109, 105, 99, 105, 109, 105, 95, 82, 
  75, 84, 94, 96, 97, 97, 92, 94, 101, 102, 95, 91, 91, 90, 89, 93, 
  90, 91, 98, 102, 101, 106, 104, 93, 93, 97, 92, 82, 81, 86, 92, 94, 
  100, 103, 102, 107, 113, 118, 115, 107, 96, 93, 98, 100, 99, 99, 
  101, 98, 97, 102, 104, 103, 104, 109, 109, 113, 109, 106, 111, 111, 
  103, 96, 98, 100, 104, 99, 94, 95, 100, 102, 100, 99, 101, 104, 102,
   93, 85, 96, 105, 109, 105, 94, 93, 101, 106, 109, 105, 103, 107, 
  108, 101, 99, 99, 92, 89, 96, 98, 96, 98, 99, 98, 97, 102, 107, 110,
   105, 100, 100, 102, 104, 109, 112, 114, 117, 111, 96, 98, 104, 106,
   101, 100, 101, 103, 106, 101, 104, 106, 107, 101, 94, 94, 99, 102, 
  102, 104, 102, 110, 113, 106, 101, 103, 100, 92, 91, 98, 98, 95, 95,
   98, 92, 95, 100, 98, 97, 99, 104, 110, 108, 100, 93, 96, 103, 109, 
  106, 102, 98, 98, 106, 112, 110, 109, 110, 107, 104, 104, 98, 93, 
  92, 91, 88, 92, 95, 91, 89, 90, 98, 106, 107, 104, 98, 107, 103, 97,
   97, 97, 94, 94, 96, 97, 97, 102, 105, 108, 111, 108, 106, 102, 100,
   100, 103, 101, 97, 101, 100, 96, 104, 107, 103, 106, 106, 107, 109,
   115, 108, 104, 107, 102, 95, 90, 94, 99, 106, 111, 107, 106, 108, 
  107, 110, 110, 107, 105, 108, 107, 101, 94, 94, 99, 107, 109, 106, 
  97, 101, 106, 108, 105, 99, 104, 110, 111, 108, 104, 107, 109, 106, 
  105, 106, 110, 111, 110, 111, 109, 107, 111, 116, 117, 118, 117, 
  118, 118, 112, 112, 112, 111, 114, 116, 115, 107, 113, 116, 111, 
  110, 115, 120, 124, 121, 117, 114, 117, 119, 121, 119, 119, 119, 
  121, 120, 113, 119, 121, 115, 114, 115, 113, 113, 116, 117, 119, 
  120, 123, 123, 120, 120, 121, 124, 124, 120, 118, 119, 125, 125, 
  120, 112, 110, 112, 115, 117, 118, 117, 119, 124, 122, 122, 123, 
  124, 126, 124, 122, 121, 120, 119, 116, 113, 116, 117, 116, 115, 
  116, 118, 117, 118, 117, 118, 119, 120, 115, 116, 114, 117, 117, 
  113, 113, 114, 121, 121, 125, 121, 115, 118, 121, 121, 120, 121, 
  120, 118, 119, 115, 113, 116, 118, 122, 119, 116, 115, 120, 120, 
  121, 120, 116, 118, 117, 116, 114, 116, 119, 119, 117, 116, 112, 
  113, 117, 118, 123, 122, 120, 121, 124, 125, 124, 118, 113, 115, 
